-------------------- TRAIN --------------------
Confusion Matrix
5	1 	3 	2	4	2	2	4 	3 	2
0	5 	0 	0	0	0	0	0 	0 	0
0	0 	1 	0	0	0	0	0 	0 	0
0	1 	1 	9	0	4	3	0 	0 	0
1	0 	0 	0	2	1	3	2 	1 	0
0	0 	0 	0	0	1	0	0 	0 	0
0	0 	0 	1	0	1	3	0 	0 	0
1	0 	0 	0	0	0	1	0 	0 	0
3	2 	2 	0	1	5	2	3 	4 	2
8	10	12	7	8	5	5	10	10	8

Precision
	talk_politics_mideast:   	0.17857142857142858
	comp_sys_mac_hardware:   	1.0
	rec_sport_baseball:      	1.0
	rec_sport_hockey:        	0.5
	talk_politics_misc:      	0.2
	comp_windows_x:          	1.0
	comp_graphics:           	0.6
	comp_sys_ibm_pc_hardware:	0.0
	talk_politics_guns:      	0.16666666666666666
	talk_religion_misc:      	0.0963855421686747

Recall
	talk_politics_mideast:   	0.2777777777777778
	comp_sys_mac_hardware:   	0.2631578947368421
	rec_sport_baseball:      	0.05263157894736842
	rec_sport_hockey:        	0.47368421052631576
	talk_politics_misc:      	0.13333333333333333
	comp_windows_x:          	0.05263157894736842
	comp_graphics:           	0.15789473684210525
	comp_sys_ibm_pc_hardware:	0.0
	talk_politics_guns:      	0.2222222222222222
	talk_religion_misc:      	0.6666666666666666

F1
	talk_politics_mideast:   	0.21739130434782608
	comp_sys_mac_hardware:   	0.4166666666666667
	rec_sport_baseball:      	0.1
	rec_sport_hockey:        	0.4864864864864865
	talk_politics_misc:      	0.16
	comp_windows_x:          	0.1
	comp_graphics:           	0.25
	comp_sys_ibm_pc_hardware:	0
	talk_politics_guns:      	0.1904761904761905
	talk_religion_misc:      	0.16842105263157894

Accuracy:	0.21468926553672316
Precision:	0.47416236374067705
Recall:		0.22999999999999998
F1:			0.20894417006087487
-------------------- VAL --------------------
Confusion Matrix
3	1	1	0	2	2	2	0	3	1
0	0	0	1	0	0	0	0	0	0
0	0	0	0	0	0	0	0	0	0
0	0	1	0	1	0	1	1	0	0
1	2	1	1	0	0	3	0	0	1
0	0	0	0	0	0	0	0	0	0
0	2	0	0	0	1	0	0	0	0
1	0	1	0	0	0	0	0	0	0
1	2	0	2	2	3	1	5	3	1
4	3	6	6	3	4	3	4	3	4

Precision
	talk_politics_mideast:   	0.2
	comp_sys_mac_hardware:   	0.0
	rec_sport_baseball:      	0.0
	rec_sport_hockey:        	0.0
	talk_politics_misc:      	0.0
	comp_windows_x:          	0.0
	comp_graphics:           	0.0
	comp_sys_ibm_pc_hardware:	0.0
	talk_politics_guns:      	0.15
	talk_religion_misc:      	0.1

Recall
	talk_politics_mideast:   	0.3
	comp_sys_mac_hardware:   	0.0
	rec_sport_baseball:      	0.0
	rec_sport_hockey:        	0.0
	talk_politics_misc:      	0.0
	comp_windows_x:          	0.0
	comp_graphics:           	0.0
	comp_sys_ibm_pc_hardware:	0.0
	talk_politics_guns:      	0.3333333333333333
	talk_religion_misc:      	0.5714285714285714

F1
	talk_politics_mideast:   	0.24
	comp_sys_mac_hardware:   	0
	rec_sport_baseball:      	0
	rec_sport_hockey:        	0
	talk_politics_misc:      	0
	comp_windows_x:          	0
	comp_graphics:           	0
	comp_sys_ibm_pc_hardware:	0
	talk_politics_guns:      	0.20689655172413793
	talk_religion_misc:      	0.1702127659574468

Accuracy:	0.10638297872340426
Precision:	0.045
Recall:		0.12047619047619047
F1:			0.06171093176815847
